(*Energies are rounded to 2 decimal places, angles are rounded to 4 decimal places*)

n    Energy   Smallest Angle in \[Degree]

2    0.5      180.

3    1.73     120.

4    3.67     109.471

5    6.47     90.

6    9.99     90.

7    14.45    72.

8    19.68    71.6942

9    25.76    69.1898

10   32.72    64.9956

11   40.6     58.5396

12   49.17    63.4349

13   58.85    52.3169

14   69.31    52.8661

15   80.67    49.2249

16   92.91    48.9362

16   92.92    50.1269 (*config. 2*)

17   106.05   50.1081

18   120.08   47.5344

19   135.09   44.9097

20   150.88   46.0933

21   167.64   44.3205

22   185.29   43.302

23   203.93   41.4811

24   223.35   42.0653

25   243.81   39.6105

26   265.13   38.8422

27   287.3    39.9403

28   310.49   37.8237

29   334.63   36.3913

30   359.6    36.9424

31   385.53   36.3731

32   412.26   37.3774

32   412.47   35.6108 (*config. 2*)
